Hourly weather from 2025-10-12 through 2025-10-18 (inclusive)  -- lat=43.716964, lon=-79.821611, tz=America/Toronto
                     date  temperature_2m  apparent_temperature  dew_point_2m  humidity_2m  solar_radiation  precipitation  rain  snowfall  windspeed_10m
2025-10-12 00:00:00-04:00       11.111000              9.611249      9.365835         89.0             0.00            0.0   0.0       0.0       9.178235
2025-10-12 01:00:00-04:00       10.711000              9.819693      9.784303         94.0             0.00            0.0   0.0       0.0       5.804825
2025-10-12 02:00:00-04:00       10.611000              9.286121      9.842915         95.0             0.00            0.0   0.0       0.0       8.891343
2025-10-12 03:00:00-04:00       10.661000              8.816861      9.087693         90.0             0.00            0.0   0.0       0.0      11.019764
2025-10-12 04:00:00-04:00       10.311001              8.842264      9.228222         93.0             0.00            0.0   0.0       0.0       8.707238
2025-10-12 05:00:00-04:00        9.761001              7.693760      8.523091         92.0             0.00            0.0   0.0       0.0      11.520000
2025-10-12 06:00:00-04:00        9.561001              7.323212      6.815641         83.0             0.00            0.0   0.0       0.0       9.779817
2025-10-12 07:00:00-04:00        8.511001              6.401055      6.470482         87.0             0.00            0.0   0.0       0.0       8.350138
2025-10-12 08:00:00-04:00        9.261001              7.534124      8.027970         92.0             4.00            0.0   0.0       0.0       8.311245
2025-10-12 09:00:00-04:00       10.911000              9.058821      8.136380         83.0            45.75            0.0   0.0       0.0       9.360001
2025-10-12 10:00:00-04:00       12.311001             10.690962      9.143222         81.0            76.50            0.0   0.0       0.0       9.585739
2025-10-12 11:00:00-04:00       13.461000             12.123466     10.988881         85.0           109.00            0.0   0.0       0.0      11.275530
2025-10-12 12:00:00-04:00       15.211000             13.491076     12.524628         84.0           117.00            0.0   0.0       0.0      17.227419
2025-10-12 13:00:00-04:00       16.911001             14.986063     12.246234         74.0           314.00            0.0   0.0       0.0      18.003599
2025-10-12 14:00:00-04:00       17.261000             15.681665     12.788699         75.0           424.75            0.0   0.0       0.0      16.862455
2025-10-12 15:00:00-04:00       17.661001             16.180605     12.337868         71.0           343.00            0.0   0.0       0.0      15.158522
2025-10-12 16:00:00-04:00       17.111000             16.067116     14.200024         83.0           266.25            0.0   0.0       0.0      16.575644
2025-10-12 17:00:00-04:00       17.661001             15.293373     11.000646         65.0           283.00            0.0   0.0       0.0      18.356470
2025-10-12 18:00:00-04:00       16.161001             13.571861      8.141468         59.0           145.50            0.0   0.0       0.0      14.417988
2025-10-12 19:00:00-04:00       13.411000             11.610153      7.623435         68.0            14.25            0.0   0.0       0.0       8.121970
2025-10-12 20:00:00-04:00       11.861000              9.872401      7.957263         77.0             0.00            0.0   0.0       0.0       9.983106
2025-10-12 21:00:00-04:00       11.111000              8.957550      7.039029         76.0             0.00            0.0   0.0       0.0       9.565437
2025-10-12 22:00:00-04:00       10.411000              8.430073      7.108303         80.0             0.00            0.0   0.0       0.0       8.496305
2025-10-12 23:00:00-04:00        9.861000              7.700840      7.109151         83.0             0.00            0.0   0.0       0.0       9.726664
2025-10-13 00:00:00-04:00        9.361000              7.172648      6.966912         85.0             0.00            0.0   0.0       0.0       9.686609
2025-10-13 01:00:00-04:00        9.011001              6.375364      5.744453         80.0             0.00            0.0   0.0       0.0      10.829958
2025-10-13 02:00:00-04:00        8.211000              5.647957      4.965022         80.0             0.00            0.0   0.0       0.0       9.178235
2025-10-13 03:00:00-04:00        7.411000              4.726669      5.053588         85.0             0.00            0.0   0.0       0.0      10.137691
2025-10-13 04:00:00-04:00        7.161000              4.472176      5.306679         88.0             0.00            0.0   0.0       0.0      10.538843
2025-10-13 05:00:00-04:00        7.161000              4.500225      5.469481         89.0             0.00            0.0   0.0       0.0      10.587917
2025-10-13 06:00:00-04:00        7.211000              4.709346      5.191432         87.0             0.00            0.0   0.0       0.0       9.085988
2025-10-13 07:00:00-04:00        7.811000              5.263066      5.446087         85.0             0.00            0.0   0.0       0.0       9.779817
2025-10-13 08:00:00-04:00        7.961000              5.789076      5.593272         85.0             4.50            0.0   0.0       0.0       7.421590
2025-10-13 09:00:00-04:00       10.511001              9.840253      9.743521         95.0           108.50            0.0   0.0       0.0       4.213692
2025-10-13 10:00:00-04:00       13.961000             12.737041     11.831478         87.0           266.25            0.0   0.0       0.0      12.287555
2025-10-13 11:00:00-04:00       14.811001             12.816807     11.581284         81.0           303.00            0.0   0.0       0.0      17.026896
2025-10-13 12:00:00-04:00       14.211000             13.032120     11.181193         82.0           175.00            0.0   0.0       0.0      10.587917
2025-10-13 13:00:00-04:00       14.711000             13.232601     11.669473         82.0           127.00            0.0   0.0       0.0      13.679999
2025-10-13 14:00:00-04:00       16.061001             14.210514     10.802347         71.0           422.00            0.0   0.0       0.0      14.404499
2025-10-13 15:00:00-04:00       17.011000             14.851620     10.838573         67.0           514.00            0.0   0.0       0.0      16.595179
2025-10-13 16:00:00-04:00       16.611000             14.407198     10.679771         68.0           395.00            0.0   0.0       0.0      16.575644
2025-10-13 17:00:00-04:00       16.261000             14.081072      9.671082         65.0           272.00            0.0   0.0       0.0      14.417988
2025-10-13 18:00:00-04:00       15.311001             13.630890      8.994871         66.0           106.00            0.0   0.0       0.0       9.720000
2025-10-13 19:00:00-04:00       13.111000             11.928530      7.550646         69.0             0.00            0.0   0.0       0.0       3.758510
2025-10-13 20:00:00-04:00       12.061001             10.467125      7.166100         72.0             0.00            0.0   0.0       0.0       5.937272
2025-10-13 21:00:00-04:00       11.161000              9.684750      7.087441         76.0             0.00            0.0   0.0       0.0       5.001280
2025-10-13 22:00:00-04:00       10.511001              8.856126      6.836130         78.0             0.00            0.0   0.0       0.0       5.815978
2025-10-13 23:00:00-04:00        9.861000              7.888157      6.753347         81.0             0.00            0.0   0.0       0.0       7.862518
2025-10-14 00:00:00-04:00        9.161000              7.224151      6.941197         86.0             0.00            0.0   0.0       0.0       7.920000
2025-10-14 01:00:00-04:00        8.711000              6.530145      6.998530         89.0             0.00            0.0   0.0       0.0       9.686609
2025-10-14 02:00:00-04:00        8.361000              6.393612      6.155195         86.0             0.00            0.0   0.0       0.0       6.877790
2025-10-14 03:00:00-04:00        7.911000              5.567778      6.371512         90.0             0.00            0.0   0.0       0.0       9.793059
2025-10-14 04:00:00-04:00        7.711000              5.663820      6.334272         91.0             0.00            0.0   0.0       0.0       7.704336
2025-10-14 05:00:00-04:00        7.361000              4.946257      6.146427         92.0             0.00            0.0   0.0       0.0       9.931042
2025-10-14 06:00:00-04:00        7.511000              5.123823      6.136461         91.0             0.00            0.0   0.0       0.0       9.726664
2025-10-14 07:00:00-04:00        7.411000              4.723950      5.877621         90.0             0.00            0.0   0.0       0.0      11.384198
2025-10-14 08:00:00-04:00        7.161000              4.635034      5.306679         88.0            11.00            0.0   0.0       0.0       9.422101
2025-10-14 09:00:00-04:00        9.711000              8.098592      7.651046         87.0            94.00            0.0   0.0       0.0       6.877789
2025-10-14 10:00:00-04:00       14.061001             11.859512      9.697062         75.0           298.00            0.0   0.0       0.0      14.618837
2025-10-14 11:00:00-04:00       16.611000             14.367743     10.231932         66.0           438.00            0.0   0.0       0.0      15.946010
2025-10-14 12:00:00-04:00       17.911001             15.993834     10.035560         60.0           459.00            0.0   0.0       0.0      13.320000
2025-10-14 13:00:00-04:00       18.261000             16.500980     10.612765         61.0           222.00            0.0   0.0       0.0      13.392774
2025-10-14 14:00:00-04:00       18.111000             17.097168     11.658929         66.0           211.00            0.0   0.0       0.0      10.464797
2025-10-14 15:00:00-04:00       21.588999             19.681021     10.419302         49.0           363.00            0.0   0.0       0.0      14.007655
2025-10-14 16:00:00-04:00       21.088999             18.783501      9.960582         49.0           201.00            0.0   0.0       0.0      15.827721
2025-10-14 17:00:00-04:00       19.889000             17.495108     10.582172         55.0           249.00            0.0   0.0       0.0      17.673029
2025-10-14 18:00:00-04:00       16.688999             13.926456     10.077584         65.0           129.00            0.0   0.0       0.0      19.201874
2025-10-14 19:00:00-04:00       13.488999             10.706386      8.539676         72.0            12.00            0.0   0.0       0.0      16.454008
2025-10-14 20:00:00-04:00       11.988999              8.892508      6.686030         70.0             0.00            0.0   0.0       0.0      15.459054
2025-10-14 21:00:00-04:00       10.789000              6.898618      4.470890         65.0             0.00            0.0   0.0       0.0      17.577440
2025-10-14 22:00:00-04:00       10.289000              6.113615      3.995448         65.0             0.00            0.0   0.0       0.0      18.875126
2025-10-14 23:00:00-04:00        9.988999              5.895918      3.927360         66.0             0.00            0.0   0.0       0.0      18.218275
2025-10-15 00:00:00-04:00       10.488999              6.277623      3.964606         64.0             0.00            0.0   0.0       0.0      19.080000
2025-10-15 01:00:00-04:00       10.839000              6.961576      4.518431         65.0             0.00            0.0   0.0       0.0      17.555307
2025-10-15 02:00:00-04:00       11.089000              6.765298      4.080634         62.0             0.00            0.0   0.0       0.0      20.008356
2025-10-15 03:00:00-04:00       10.339000              6.051492      1.937029         56.0             0.00            0.0   0.0       0.0      17.015474
2025-10-15 04:00:00-04:00       10.188999              5.685635      1.544916         55.0             0.00            0.0   0.0       0.0      18.032370
2025-10-15 05:00:00-04:00        9.738999              5.368720      1.376116         56.0             0.00            0.0   0.0       0.0      16.923828
2025-10-15 06:00:00-04:00        9.188999              4.838509      0.861871         56.0             0.00            0.0   0.0       0.0      16.203999
2025-10-15 07:00:00-04:00        8.789000              4.494533      0.238617         55.0             0.00            0.0   0.0       0.0      15.137133
2025-10-15 08:00:00-04:00        7.889000              3.347881     -0.353916         56.0             3.00            0.0   0.0       0.0      16.203999
2025-10-15 09:00:00-04:00        8.188999              3.300114     -0.573470         54.0            79.00            0.0   0.0       0.0      18.363529
2025-10-15 10:00:00-04:00        9.188999              3.921537     -1.260268         48.0           255.00            0.0   0.0       0.0      20.275383
2025-10-15 11:00:00-04:00       10.389000              5.169401     -1.663350         43.0           428.00            0.0   0.0       0.0      19.559633
2025-10-15 12:00:00-04:00       11.589000              6.353911     -2.259749         38.0           542.00            0.0   0.0       0.0      19.110542
2025-10-15 13:00:00-04:00       12.589000              7.660100     -3.274168         33.0           604.00            0.0   0.0       0.0      18.000000
2025-10-15 14:00:00-04:00       13.389000              8.137339     -4.302227         29.0           611.00            0.0   0.0       0.0      19.559633
2025-10-15 15:00:00-04:00       13.488999              7.646326     -4.215552         29.0           559.00            0.0   0.0       0.0      21.897945
2025-10-15 16:00:00-04:00       12.789000              6.762358     -3.511095         32.0           453.00            0.0   0.0       0.0      23.441502
2025-10-15 17:00:00-04:00       11.389000              5.362589     -3.167053         36.0           306.00            0.0   0.0       0.0      23.732710
2025-10-15 18:00:00-04:00        9.488999              4.138789     -1.864174         45.0           135.00            0.0   0.0       0.0      20.265795
2025-10-15 19:00:00-04:00        7.589000              2.474203     -1.132392         54.0            11.00            0.0   0.0       0.0      19.353138
2025-10-15 20:00:00-04:00        6.589000              1.843722     -0.400358         61.0             0.00            0.0   0.0       0.0      17.555307
2025-10-15 21:00:00-04:00        5.989000              1.635118     -0.095278         65.0             0.00            0.0   0.0       0.0      15.188416
2025-10-15 22:00:00-04:00        5.489000              1.375203     -0.154518         67.0             0.00            0.0   0.0       0.0      13.479583
2025-10-15 23:00:00-04:00        4.889000              1.041605     -0.524368         68.0             0.00            0.0   0.0       0.0      11.269782
2025-10-16 00:00:00-04:00        4.489000              0.673344     -1.109705         67.0             0.00            0.0   0.0       0.0      10.464797
2025-10-16 01:00:00-04:00        4.239000              0.324876     -1.971620         64.0             0.00            0.0   0.0       0.0      10.315115
2025-10-16 02:00:00-04:00        4.039000              0.138087     -2.590982         62.0             0.00            0.0   0.0       0.0       9.659814
2025-10-16 03:00:00-04:00        3.739000             -0.234358     -2.875108         62.0             0.00            0.0   0.0       0.0       9.904906
2025-10-16 04:00:00-04:00        3.339000             -0.538944     -3.039009         63.0             0.00            0.0   0.0       0.0       9.107359
2025-10-16 05:00:00-04:00        2.989000             -0.841052     -2.951317         65.0             0.00            0.0   0.0       0.0       8.854829
2025-10-16 06:00:00-04:00        2.789000             -1.043630     -3.141779         65.0             0.00            0.0   0.0       0.0       8.707237
2025-10-16 07:00:00-04:00        2.589000             -1.284535     -3.127275         66.0             0.00            0.0   0.0       0.0       9.000000
2025-10-16 08:00:00-04:00        2.789000             -1.070478     -3.141779         65.0             4.00            0.0   0.0       0.0       8.891343
2025-10-16 09:00:00-04:00        5.389000              1.737100     -2.693132         56.0           106.00            0.0   0.0       0.0       7.862518
2025-10-16 10:00:00-04:00        7.989000              4.000511     -2.937263         46.0           277.00            0.0   0.0       0.0       9.957108
2025-10-16 11:00:00-04:00        9.988999              5.795479     -3.343033         39.0           431.00            0.0   0.0       0.0      11.013882
2025-10-16 12:00:00-04:00       11.688999              7.261870     -4.066107         33.0           545.00            0.0   0.0       0.0      12.015589
2025-10-16 13:00:00-04:00       12.988999              8.952273     -4.198354         30.0           607.00            0.0   0.0       0.0      11.440978
2025-10-16 14:00:00-04:00       13.988999              9.881666     -4.250275         28.0           611.00            0.0   0.0       0.0      12.015589
2025-10-16 15:00:00-04:00       14.589000             10.148883     -3.732493         28.0           556.00            0.0   0.0       0.0      12.605142
2025-10-16 16:00:00-04:00       14.688999              9.858687     -3.646214         28.0           449.00            0.0   0.0       0.0      15.124284
2025-10-16 17:00:00-04:00       13.889000              9.137136     -2.974972         31.0           299.00            0.0   0.0       0.0      15.158522
2025-10-16 18:00:00-04:00       11.188999              6.665237     -2.617452         38.0           128.00            0.0   0.0       0.0      13.910169
2025-10-16 19:00:00-04:00        7.989000              3.470002     -3.232697         45.0            10.00            0.0   0.0       0.0      13.339445
2025-10-16 20:00:00-04:00        6.589000              2.332073     -2.836509         51.0             0.00            0.0   0.0       0.0      11.885453
2025-10-16 21:00:00-04:00        6.039000              1.820592     -2.328763         55.0             0.00            0.0   0.0       0.0      12.074766
2025-10-16 22:00:00-04:00        5.739000              1.595776     -2.365549         56.0             0.00            0.0   0.0       0.0      11.525623
2025-10-16 23:00:00-04:00        5.539000              1.425760     -2.313530         57.0             0.00            0.0   0.0       0.0      11.367109
2025-10-17 00:00:00-04:00        5.339000              1.375983     -1.806270         60.0             0.00            0.0   0.0       0.0      10.805999
2025-10-17 01:00:00-04:00        4.989000              1.248596     -1.691375         62.0             0.00            0.0   0.0       0.0       9.387650
2025-10-17 02:00:00-04:00        4.739000              1.229008     -1.496444         64.0             0.00            0.0   0.0       0.0       7.993298
2025-10-17 03:00:00-04:00        4.539000              1.320677     -1.267323         66.0             0.00            0.0   0.0       0.0       6.214563
2025-10-17 04:00:00-04:00        4.289000              1.316525     -1.098483         68.0             0.00            0.0   0.0       0.0       4.693825
2025-10-17 05:00:00-04:00        4.239000              1.243574     -0.946749         69.0             0.00            0.0   0.0       0.0       5.001280
2025-10-17 06:00:00-04:00        4.139000              1.244560     -1.042599         69.0             0.00            0.0   0.0       0.0       4.213692
2025-10-17 07:00:00-04:00        4.139000              1.295108     -1.242021         68.0             0.00            0.0   0.0       0.0       3.671294
2025-10-17 08:00:00-04:00        4.389000              1.803061     -1.205233         67.0             3.00            0.0   0.0       0.0       1.938659
2025-10-17 09:00:00-04:00        6.489000              4.020782     -0.050975         63.0            50.00            0.0   0.0       0.0       2.305125
2025-10-17 10:00:00-04:00        9.389000              6.515656      1.776883         59.0           194.00            0.0   0.0       0.0       7.127636
2025-10-17 11:00:00-04:00       11.789000              8.533398      2.778108         54.0           375.00            0.0   0.0       0.0      10.972620
2025-10-17 12:00:00-04:00       13.289000              9.883135      3.080451         50.0           501.00            0.0   0.0       0.0      12.387348
2025-10-17 13:00:00-04:00       14.339000             11.010319      3.169567         47.0           557.00            0.0   0.0       0.0      12.240000
2025-10-17 14:00:00-04:00       14.988999             11.611594      2.829942         44.0           556.00            0.0   0.0       0.0      12.101570
2025-10-17 15:00:00-04:00       15.188999             11.729721      2.355797         42.0           508.00            0.0   0.0       0.0      11.841756
2025-10-17 16:00:00-04:00       14.988999             11.554852      1.837375         41.0           409.00            0.0   0.0       0.0      11.043261
2025-10-17 17:00:00-04:00       14.389000             10.969298      1.633227         42.0           274.00            0.0   0.0       0.0      10.703569
2025-10-17 18:00:00-04:00       13.089000              9.694777      1.724312         46.0           123.00            0.0   0.0       0.0      10.636766
2025-10-17 19:00:00-04:00       11.389000              7.969569      1.876246         52.0            20.00            0.0   0.0       0.0      10.990322
2025-10-17 20:00:00-04:00       10.039000              6.694974      2.148079         58.0             0.00            0.0   0.0       0.0      10.799999
2025-10-17 21:00:00-04:00        9.488999              6.450264      2.792933         63.0             0.00            0.0   0.0       0.0       9.504272
2025-10-17 22:00:00-04:00        9.339000              6.740765      3.731759         68.0             0.00            0.0   0.0       0.0       7.704336
2025-10-17 23:00:00-04:00        9.238999              7.004614      4.450781         72.0             0.00            0.0   0.0       0.0       6.193674
2025-10-18 00:00:00-04:00        9.139000              7.035295      4.939187         75.0             0.00            0.0   0.0       0.0       5.991594
2025-10-18 01:00:00-04:00        9.089000              7.036674      5.269068         77.0             0.00            0.0   0.0       0.0       6.120000
2025-10-18 02:00:00-04:00        9.039000              6.991900      5.406369         78.0             0.00            0.0   0.0       0.0       6.287130
2025-10-18 03:00:00-04:00        8.839000              6.730369      5.026583         77.0             0.00            0.0   0.0       0.0       6.151683
2025-10-18 04:00:00-04:00        8.688999              6.422260      4.504036         75.0             0.00            0.0   0.0       0.0       6.489992
2025-10-18 05:00:00-04:00        8.688999              6.305072      3.921439         72.0             0.00            0.0   0.0       0.0       6.489992
2025-10-18 06:00:00-04:00        8.938999              6.465045      3.556394         69.0             0.00            0.0   0.0       0.0       6.618519
2025-10-18 07:00:00-04:00        9.389000              6.924886      3.355732         66.0             0.00            0.0   0.0       0.0       6.287130
2025-10-18 08:00:00-04:00       10.238999              7.642632      3.276795         62.0             3.00            0.0   0.0       0.0       7.091177
2025-10-18 09:00:00-04:00       11.738999              8.890539      3.496366         57.0            44.00            0.0   0.0       0.0       9.107359
2025-10-18 10:00:00-04:00       13.639000             10.489429      3.960454         52.0           164.00            0.0   0.0       0.0      11.792404
2025-10-18 11:00:00-04:00       15.389000             11.912519      4.130241         47.0           317.00            0.0   0.0       0.0      14.264361
2025-10-18 12:00:00-04:00       16.938999             13.104233      3.935647         42.0           447.00            0.0   0.0       0.0      16.454008
2025-10-18 13:00:00-04:00       18.289000             14.134703      3.722712         38.0           533.00            0.0   0.0       0.0      18.356470
2025-10-18 14:00:00-04:00       19.088999             14.678505      3.265654         35.0           554.00            0.0   0.0       0.0      19.645580
2025-10-18 15:00:00-04:00       19.088999             14.540384      2.855799         34.0           496.00            0.0   0.0       0.0      19.930477
2025-10-18 16:00:00-04:00       18.539000             14.017118      2.779992         35.0           381.00            0.0   0.0       0.0      19.652176
2025-10-18 17:00:00-04:00       17.489000             13.192511      3.376948         39.0           248.00            0.0   0.0       0.0      18.875126
2025-10-18 18:00:00-04:00       15.639000             11.902487      4.358923         47.0           114.00            0.0   0.0       0.0      16.363178
2025-10-18 19:00:00-04:00       13.389000             10.340176      5.291136         58.0            20.00            0.0   0.0       0.0      12.984975
2025-10-18 20:00:00-04:00       11.738999              9.122590      5.811450         67.0             0.00            0.0   0.0       0.0      10.799999
2025-10-18 21:00:00-04:00       11.339000              8.988381      6.471503         72.0             0.00            0.0   0.0       0.0      10.002560
2025-10-18 22:00:00-04:00       11.639000              9.524106      7.356210         75.0             0.00            0.0   0.0       0.0       9.826088
2025-10-18 23:00:00-04:00       11.938999              9.966718      8.032891         77.0             0.00            0.0   0.0       0.0      10.002560