Hourly weather from 2025-10-11 through 2025-10-17 (inclusive)  -- lat=43.716964, lon=-79.821611, tz=America/Toronto
                     date  temperature_2m  apparent_temperature  dew_point_2m  humidity_2m  solar_radiation  precipitation  rain  snowfall  windspeed_10m
2025-10-11 00:00:00-04:00       11.011001              9.136079      9.099392         88.0             0.00            0.0   0.0       0.0      11.252519
2025-10-11 01:00:00-04:00       11.361000              9.459315      9.779024         90.0             0.00            0.0   0.0       0.0      12.722830
2025-10-11 02:00:00-04:00       11.611000             10.098209      9.690386         88.0             0.00            0.0   0.0       0.0       9.885262
2025-10-11 03:00:00-04:00       11.561001              9.759809      9.298936         86.0             0.00            0.0   0.0       0.0      11.119281
2025-10-11 04:00:00-04:00       11.761001             10.576488     10.339567         91.0             0.00            0.0   0.0       0.0       8.905908
2025-10-11 05:00:00-04:00       12.061001             11.265346      9.962721         87.0             0.00            0.0   0.0       0.0       5.495161
2025-10-11 06:00:00-04:00       10.911000              9.029287      8.831520         87.0             0.00            0.0   0.0       0.0      10.805999
2025-10-11 07:00:00-04:00        9.661000              7.867743      8.262836         91.0             0.00            0.0   0.0       0.0       9.178235
2025-10-11 08:00:00-04:00        9.211000              8.152201      7.491745         89.0             0.50            0.0   0.0       0.0       2.811690
2025-10-11 09:00:00-04:00       11.161000              9.611134      9.581505         90.0            92.25            0.0   0.0       0.0       9.931042
2025-10-11 10:00:00-04:00       12.411000             11.519228     10.133875         86.0           207.25            0.0   0.0       0.0       6.489992
2025-10-11 11:00:00-04:00       13.361000             12.149107      9.411538         77.0           205.75            0.0   0.0       0.0       7.289444
2025-10-11 12:00:00-04:00       14.661000             14.302162      9.458449         71.0           470.25            0.0   0.0       0.0       1.527351
2025-10-11 13:00:00-04:00       15.511001             14.942883      9.847115         69.0           521.50            0.0   0.0       0.0       3.706427
2025-10-11 14:00:00-04:00       16.361000             15.480680      9.300632         63.0           484.50            0.0   0.0       0.0       4.802999
2025-10-11 15:00:00-04:00       16.761000             14.838486      8.953780         60.0           398.50            0.0   0.0       0.0      11.304229
2025-10-11 16:00:00-04:00       16.411001             14.173248      9.110239         62.0           237.75            0.0   0.0       0.0      13.755580
2025-10-11 17:00:00-04:00       15.561001             13.227436      9.677100         68.0           162.25            0.0   0.0       0.0      15.484185
2025-10-11 18:00:00-04:00       14.011001             11.827337     10.234729         78.0            66.75            0.0   0.0       0.0      15.546833
2025-10-11 19:00:00-04:00       12.661000             10.794326     10.027146         84.0             9.50            0.0   0.0       0.0      12.964998
2025-10-11 20:00:00-04:00       11.711000             10.490846      9.446282         86.0             0.00            0.0   0.0       0.0       7.412853
2025-10-11 21:00:00-04:00       12.261001             10.878115     10.500063         89.0             0.00            0.0   0.0       0.0      10.587918
2025-10-11 22:00:00-04:00       12.011001             10.976643     10.586783         91.0             0.00            0.0   0.0       0.0       8.373386
2025-10-11 23:00:00-04:00       11.261001             10.233735     10.170105         93.0             0.00            0.0   0.0       0.0       7.491114
2025-10-12 00:00:00-04:00       10.361000              8.544724      9.277794         93.0             0.00            0.0   0.0       0.0      11.183201
2025-10-12 01:00:00-04:00        9.661000              7.837570      8.583759         93.0             0.00            0.0   0.0       0.0       9.957108
2025-10-12 02:00:00-04:00        8.961000              6.909677      7.889707         93.0             0.00            0.0   0.0       0.0      10.296251
2025-10-12 03:00:00-04:00        8.311001              6.374465      6.927695         91.0             0.00            0.0   0.0       0.0       7.895416
2025-10-12 04:00:00-04:00        7.861000              5.619214      6.160034         89.0             0.00            0.0   0.0       0.0       8.766573
2025-10-12 05:00:00-04:00        8.661000              6.623933      7.433814         92.0             0.00            0.0   0.0       0.0       9.422101
2025-10-12 06:00:00-04:00        8.361000              6.242991      6.977145         91.0             0.00            0.0   0.0       0.0       9.220499
2025-10-12 07:00:00-04:00        8.111000              5.901093      6.729887         91.0             0.00            0.0   0.0       0.0       9.449572
2025-10-12 08:00:00-04:00        8.361000              6.278018      7.294790         93.0            12.00            0.0   0.0       0.0       9.504272
2025-10-12 09:00:00-04:00       10.811001              9.162230     10.198373         96.0           120.00            0.0   0.0       0.0      11.808878
2025-10-12 10:00:00-04:00       13.811001             12.449081     12.366668         91.0           190.00            0.0   0.0       0.0      14.417988
2025-10-12 11:00:00-04:00       15.311001             13.239447     12.803268         85.0           352.00            0.0   0.0       0.0      20.275385
2025-10-12 12:00:00-04:00       16.161001             14.171289     12.897590         81.0           480.00            0.0   0.0       0.0      19.930477
2025-10-12 13:00:00-04:00       17.211000             15.465849     12.535555         74.0           610.00            0.0   0.0       0.0      19.469975
2025-10-12 14:00:00-04:00       17.711000             15.760571     12.169985         70.0           600.00            0.0   0.0       0.0      19.708151
2025-10-12 15:00:00-04:00       17.711000             15.235678     12.169985         70.0           546.00            0.0   0.0       0.0      21.605999
2025-10-12 16:00:00-04:00       17.611000             15.066725     11.634522         68.0           453.00            0.0   0.0       0.0      20.907913
2025-10-12 17:00:00-04:00       17.161001             14.553864     11.425396         69.0           298.00            0.0   0.0       0.0      20.892412
2025-10-12 18:00:00-04:00       15.761001             13.416401     11.137045         74.0           114.00            0.0   0.0       0.0      18.486622
2025-10-12 19:00:00-04:00       13.761001             11.958078     10.924102         83.0             0.00            0.0   0.0       0.0      14.332341
2025-10-12 20:00:00-04:00       12.761001             11.081812     10.477659         86.0             0.00            0.0   0.0       0.0      12.574260
2025-10-12 21:00:00-04:00       12.061001             10.544994     10.470334         90.0             0.00            0.0   0.0       0.0      11.440978
2025-10-12 22:00:00-04:00       11.661000             10.114359      9.908301         89.0             0.00            0.0   0.0       0.0      10.538843
2025-10-12 23:00:00-04:00       11.011001              9.578736      9.099392         88.0             0.00            0.0   0.0       0.0       8.217153
2025-10-13 00:00:00-04:00       10.411000              8.751280      8.675405         89.0             0.00            0.0   0.0       0.0       9.000000
2025-10-13 01:00:00-04:00       10.111000              8.270659      8.544483         90.0             0.00            0.0   0.0       0.0      10.002560
2025-10-13 02:00:00-04:00        9.811001              7.934000      8.248184         90.0             0.00            0.0   0.0       0.0       9.726664
2025-10-13 03:00:00-04:00        9.311001              7.489375      7.590386         89.0             0.00            0.0   0.0       0.0       8.209263
2025-10-13 04:00:00-04:00        8.911000              6.920571      6.864013         87.0             0.00            0.0   0.0       0.0       8.161764
2025-10-13 05:00:00-04:00        8.411000              6.379948      6.372096         87.0             0.00            0.0   0.0       0.0       7.653705
2025-10-13 06:00:00-04:00        8.161000              5.999767      6.126132         87.0             0.00            0.0   0.0       0.0       8.161764
2025-10-13 07:00:00-04:00        8.011001              5.813966      6.144106         88.0             0.00            0.0   0.0       0.0       8.435069
2025-10-13 08:00:00-04:00        8.061001              5.949065      6.193366         88.0            11.00            0.0   0.0       0.0       7.928177
2025-10-13 09:00:00-04:00       12.438999             10.598886      9.631074         83.0           102.00            0.0   0.0       0.0      12.015589
2025-10-13 10:00:00-04:00       13.589000             10.630217      9.240932         75.0           117.00            0.0   0.0       0.0      18.947083
2025-10-13 11:00:00-04:00       13.789000             10.671839      9.032643         73.0           134.00            0.0   0.0       0.0      19.645580
2025-10-13 12:00:00-04:00       13.889000             10.831169      8.924380         72.0           129.00            0.0   0.0       0.0      19.039200
2025-10-13 13:00:00-04:00       13.988999             11.684372      9.627483         75.0           103.00            0.0   0.0       0.0      15.192682
2025-10-13 14:00:00-04:00       15.188999             13.524599      9.753533         70.0           234.00            0.0   0.0       0.0      11.043261
2025-10-13 15:00:00-04:00       15.688999             13.253498      9.799338         68.0           264.00            0.0   0.0       0.0      16.418526
2025-10-13 16:00:00-04:00       15.488999             13.186367     10.041031         70.0           291.00            0.0   0.0       0.0      15.978486
2025-10-13 17:00:00-04:00       14.389000             12.142424     10.014016         75.0           110.00            0.0   0.0       0.0      15.542662
2025-10-13 18:00:00-04:00       14.039000             12.641819     10.068787         77.0            47.00            0.0   0.0       0.0       9.826088
2025-10-13 19:00:00-04:00       13.589000             12.327513      9.632565         77.0             6.00            0.0   0.0       0.0       8.049845
2025-10-13 20:00:00-04:00       13.289000             12.156193      9.723619         79.0             0.00            0.0   0.0       0.0       7.342588
2025-10-13 21:00:00-04:00       11.889000             11.031771      9.793538         87.0             0.00            0.0   0.0       0.0       5.588703
2025-10-13 22:00:00-04:00       10.688999              9.908891      9.602995         93.0             0.00            0.0   0.0       0.0       4.693825
2025-10-13 23:00:00-04:00       10.688999             10.095348      9.602995         93.0             0.00            0.0   0.0       0.0       3.415260
2025-10-14 00:00:00-04:00       10.889000             10.541247      9.640045         92.0             0.00            0.0   0.0       0.0       1.800000
2025-10-14 01:00:00-04:00       11.139000             11.070919      9.887591         92.0             0.00            0.0   0.0       0.0       0.360000
2025-10-14 02:00:00-04:00       11.389000             11.187318      9.971703         91.0             0.00            0.0   0.0       0.0       1.440000
2025-10-14 03:00:00-04:00       11.389000             10.921910      9.971703         91.0             0.00            0.0   0.0       0.0       3.259938
2025-10-14 04:00:00-04:00       10.688999              9.902877      9.602995         93.0             0.00            0.0   0.0       0.0       4.735060
2025-10-14 05:00:00-04:00        9.889000              8.668911      8.968287         94.0             0.00            0.0   0.0       0.0       6.519877
2025-10-14 06:00:00-04:00        9.789000              8.284506      8.869011         94.0             0.00            0.0   0.0       0.0       8.287822
2025-10-14 07:00:00-04:00        9.639000              8.000834      8.561946         93.0             0.00            0.0   0.0       0.0       8.647496
2025-10-14 08:00:00-04:00       10.289000              8.827825      8.555068         89.0             5.00            0.0   0.0       0.0       7.421590
2025-10-14 09:00:00-04:00       12.539000             11.384140      8.994307         79.0            88.00            0.0   0.0       0.0       6.120000
2025-10-14 10:00:00-04:00       15.339000             13.978977      9.465083         68.0           253.00            0.0   0.0       0.0       8.404285
2025-10-14 11:00:00-04:00       17.688999             16.213459      9.826748         60.0           408.00            0.0   0.0       0.0       9.885262
2025-10-14 12:00:00-04:00       19.289000             17.640612     10.293526         56.0           514.00            0.0   0.0       0.0      11.983188
2025-10-14 13:00:00-04:00       20.188999             18.111544     10.585454         54.0           567.00            0.0   0.0       0.0      16.119801
2025-10-14 14:00:00-04:00       20.688999             18.206400     10.191031         51.0           482.00            0.0   0.0       0.0      17.496149
2025-10-14 15:00:00-04:00       20.688999             17.311279      9.286710         48.0           530.00            0.0   0.0       0.0      21.892027
2025-10-14 16:00:00-04:00       19.688999             15.278442      5.344169         39.0           439.00            0.0   0.0       0.0      22.392464
2025-10-14 17:00:00-04:00       18.188999             13.381710      3.255306         37.0           298.00            0.0   0.0       0.0      22.218153
2025-10-14 18:00:00-04:00       14.889000              9.528365      2.739143         44.0           137.00            0.0   0.0       0.0      25.356371
2025-10-14 19:00:00-04:00       11.889000              6.950603      3.130473         55.0            12.00            0.0   0.0       0.0      22.961115
2025-10-14 20:00:00-04:00       10.089000              5.357473      4.022625         66.0             0.00            0.0   0.0       0.0      22.725668
2025-10-14 21:00:00-04:00        9.289000              4.262507      3.683956         68.0             0.00            0.0   0.0       0.0      24.291330
2025-10-14 22:00:00-04:00        9.089000              3.769800      3.492739         68.0             0.00            0.0   0.0       0.0      26.044699
2025-10-14 23:00:00-04:00        8.688999              3.676906      3.316955         69.0             0.00            0.0   0.0       0.0      23.708124
2025-10-15 00:00:00-04:00        8.589000              3.445793      3.014668         68.0             0.00            0.0   0.0       0.0      24.216522
2025-10-15 01:00:00-04:00        8.188999              3.314630      2.838048         69.0             0.00            0.0   0.0       0.0      22.148046
2025-10-15 02:00:00-04:00        7.839000              3.203612      2.502789         69.0             0.00            0.0   0.0       0.0      20.089161
2025-10-15 03:00:00-04:00        7.739000              3.069308      0.911707         62.0             0.00            0.0   0.0       0.0      18.448023
2025-10-15 04:00:00-04:00        6.889000              2.085218     -0.344429         60.0             0.00            0.0   0.0       0.0      18.014393
2025-10-15 05:00:00-04:00        5.939000              0.761668     -1.469519         59.0             0.00            0.0   0.0       0.0      19.453329
2025-10-15 06:00:00-04:00        5.139000              0.650843     -1.770520         61.0             0.00            0.0   0.0       0.0      14.440443
2025-10-15 07:00:00-04:00        4.889000              0.589329     -1.568460         63.0             0.00            0.0   0.0       0.0      13.339445
2025-10-15 08:00:00-04:00        4.889000              0.179845     -1.142297         65.0             4.00            0.0   0.0       0.0      16.559999
2025-10-15 09:00:00-04:00        5.589000              0.611932     -1.123297         62.0            81.00            0.0   0.0       0.0      18.416384
2025-10-15 10:00:00-04:00        6.989000              1.596083     -0.715765         58.0           206.00            0.0   0.0       0.0      21.674870
2025-10-15 11:00:00-04:00        8.889000              2.951574     -0.707658         51.0           397.00            0.0   0.0       0.0      25.417631
2025-10-15 12:00:00-04:00       10.188999              3.991798     -0.925377         46.0           547.00            0.0   0.0       0.0      26.980793
2025-10-15 13:00:00-04:00       11.089000              5.049878     -1.677903         41.0           613.00            0.0   0.0       0.0      27.098221
2025-10-15 14:00:00-04:00       11.589000              5.382432     -2.259749         38.0           620.00            0.0   0.0       0.0      27.897097
2025-10-15 15:00:00-04:00       11.488999              4.902766     -2.709297         37.0           567.00            0.0   0.0       0.0      28.483259
2025-10-15 16:00:00-04:00       10.988999              4.384440     -2.796327         38.0           460.00            0.0   0.0       0.0      28.019936
2025-10-15 17:00:00-04:00       10.188999              4.048422     -2.163931         42.0           309.00            0.0   0.0       0.0      25.407431
2025-10-15 18:00:00-04:00        8.289000              2.436573     -1.532804         50.0           137.00            0.0   0.0       0.0      24.023088
2025-10-15 19:00:00-04:00        6.389000              0.962362     -1.045924         59.0            11.00            0.0   0.0       0.0      21.575987
2025-10-15 20:00:00-04:00        5.689000              0.606115     -1.704870         59.0             0.00            0.0   0.0       0.0      18.581022
2025-10-15 21:00:00-04:00        5.289000              0.519515     -1.853435         60.0             0.00            0.0   0.0       0.0      16.291740
2025-10-15 22:00:00-04:00        5.089000              0.263347     -2.269769         59.0             0.00            0.0   0.0       0.0      16.291740
2025-10-15 23:00:00-04:00        4.689000              0.095220     -2.419456         60.0             0.00            0.0   0.0       0.0      14.565548
2025-10-16 00:00:00-04:00        3.889000             -0.348204     -2.517146         63.0             0.00            0.0   0.0       0.0      12.031756
2025-10-16 01:00:00-04:00        3.289000             -0.873196     -2.665637         65.0             0.00            0.0   0.0       0.0      11.384198
2025-10-16 02:00:00-04:00        2.989000             -1.180606     -2.951317         65.0             0.00            0.0   0.0       0.0      11.183201
2025-10-16 03:00:00-04:00        2.639000             -1.491021     -3.079576         66.0             0.00            0.0   0.0       0.0      10.799999
2025-10-16 04:00:00-04:00        2.389000             -1.755071     -3.318079         66.0             0.00            0.0   0.0       0.0      10.691453
2025-10-16 05:00:00-04:00        2.239000             -1.938818     -3.259515         67.0             0.00            0.0   0.0       0.0      10.972620
2025-10-16 06:00:00-04:00        1.939000             -2.232268     -3.151723         69.0             0.00            0.0   0.0       0.0      11.019764
2025-10-16 07:00:00-04:00        1.739000             -2.425448     -2.771297         72.0             0.00            0.0   0.0       0.0      11.304229
2025-10-16 08:00:00-04:00        2.289000             -1.891750     -2.430576         71.0             3.00            0.0   0.0       0.0      11.720751
2025-10-16 09:00:00-04:00        4.189000             -0.091541     -1.808699         65.0            52.00            0.0   0.0       0.0      12.979984
2025-10-16 10:00:00-04:00        6.839000              2.277376     -1.094568         57.0           203.00            0.0   0.0       0.0      15.596767
2025-10-16 11:00:00-04:00        8.988999              3.953188     -1.162758         49.0           394.00            0.0   0.0       0.0      18.782204
2025-10-16 12:00:00-04:00       10.339000              4.769539     -1.708708         43.0           530.00            0.0   0.0       0.0      21.915693
2025-10-16 13:00:00-04:00       11.188999              5.226507     -2.617452         38.0           594.00            0.0   0.0       0.0      25.161398
2025-10-16 14:00:00-04:00       11.488999              5.124165     -3.078171         36.0           601.00            0.0   0.0       0.0      27.682571
2025-10-16 15:00:00-04:00       11.089000              4.404496     -2.706887         38.0           559.00            0.0   0.0       0.0      28.916763
2025-10-16 16:00:00-04:00       10.139000              3.428301     -2.209172         42.0           462.00            0.0   0.0       0.0      29.275326
2025-10-16 17:00:00-04:00        9.089000              2.545228     -1.931129         46.0           319.00            0.0   0.0       0.0      28.387545
2025-10-16 18:00:00-04:00        8.039000              1.832095     -2.317158         48.0           150.00            0.0   0.0       0.0      25.721743
2025-10-16 19:00:00-04:00        6.889000              1.020961     -3.097637         49.0            27.00            0.0   0.0       0.0      22.705700
2025-10-16 20:00:00-04:00        5.789000              0.218162     -3.317103         52.0             0.00            0.0   0.0       0.0      20.478907
2025-10-16 21:00:00-04:00        4.789000             -0.593863     -2.782826         58.0             0.00            0.0   0.0       0.0      19.652176
2025-10-16 22:00:00-04:00        3.839000             -1.429353     -2.141935         65.0             0.00            0.0   0.0       0.0      19.443333
2025-10-16 23:00:00-04:00        2.989000             -2.182172     -1.757287         71.0             0.00            0.0   0.0       0.0      19.134262
2025-10-17 00:00:00-04:00        2.339000             -2.715906     -1.639158         75.0             0.00            0.0   0.0       0.0      18.448023
2025-10-17 01:00:00-04:00        1.739000             -3.161143     -1.687712         78.0             0.00            0.0   0.0       0.0      17.339897
2025-10-17 02:00:00-04:00        1.289000             -3.467260     -1.781681         80.0             0.00            0.0   0.0       0.0      16.263872
2025-10-17 03:00:00-04:00        0.839000             -3.816571     -1.721006         83.0             0.00            0.0   0.0       0.0      15.629972
2025-10-17 04:00:00-04:00        0.489000             -4.083058     -1.740483         85.0             0.00            0.0   0.0       0.0      15.038350
2025-10-17 05:00:00-04:00        0.289000             -4.238108     -1.620816         87.0             0.00            0.0   0.0       0.0      14.843180
2025-10-17 06:00:00-04:00        0.039000             -4.492754     -1.557899         89.0             0.00            0.0   0.0       0.0      14.934577
2025-10-17 07:00:00-04:00       -0.061000             -4.578685     -1.353928         91.0             0.00            0.0   0.0       0.0      15.034041
2025-10-17 08:00:00-04:00        0.489000             -4.044718     -1.113798         89.0             3.00            0.0   0.0       0.0      15.379206
2025-10-17 09:00:00-04:00        2.239000             -2.333144     -0.516877         82.0            51.00            0.0   0.0       0.0      16.243940
2025-10-17 10:00:00-04:00        4.639000              0.000888     -0.170540         71.0           197.00            0.0   0.0       0.0      17.057314
2025-10-17 11:00:00-04:00        6.789000              2.141854      0.012636         62.0           382.00            0.0   0.0       0.0      17.313717
2025-10-17 12:00:00-04:00        8.438999              3.976732      0.160505         56.0           515.00            0.0   0.0       0.0      16.203999
2025-10-17 13:00:00-04:00        9.839000              5.781454      0.439656         52.0           580.00            0.0   0.0       0.0      14.830076
2025-10-17 14:00:00-04:00       10.889000              7.082184      0.586730         49.0           587.00            0.0   0.0       0.0      13.556282
2025-10-17 15:00:00-04:00       11.589000              7.619455      0.651904         47.0           546.00            0.0   0.0       0.0      13.358861
2025-10-17 16:00:00-04:00       11.889000              7.966532      0.628212         46.0           450.00            0.0   0.0       0.0      13.009903
2025-10-17 17:00:00-04:00       11.488999              7.626160      0.852313         48.0           309.00            0.0   0.0       0.0      12.849528
2025-10-17 18:00:00-04:00        9.839000              6.124588      1.218387         55.0           143.00            0.0   0.0       0.0      12.245294
2025-10-17 19:00:00-04:00        7.439000              3.695071      1.284540         65.0            24.00            0.0   0.0       0.0      12.522619
2025-10-17 20:00:00-04:00        5.639000              1.775623      1.177101         73.0             0.00            0.0   0.0       0.0      13.217443
2025-10-17 21:00:00-04:00        4.989000              1.177530      1.109340         76.0             0.00            0.0   0.0       0.0      12.783802
2025-10-17 22:00:00-04:00        4.839000              1.150307      1.145821         77.0             0.00            0.0   0.0       0.0      11.983188
2025-10-17 23:00:00-04:00        4.739000              1.190007      1.228380         78.0             0.00            0.0   0.0       0.0      11.119281